# DeMonT Engine scene -- generated by scene_save

[camera]
fov = 60.0
pitch = -24.551952362060547
pos = [ 1.5563050508499146, 1.1648409366607666, 3.7962381839752197 ]
yaw = 0.37141141295433044

[[primitives]]
center = [ -1.2000000476837158, 0.5, 0.20000000298023224 ]
color = [ 0.92000001668930054, 0.30000001192092896, 0.30000001192092896 ]
id = 1
ior = 1.0
material = 'lambert'
radius = 0.5
roughness = 0.0
type = 'sphere'

[[primitives]]
center = [ 0.0, 0.5, 0.0 ]
color = [ 1.0, 0.85000002384185791, 0.44999998807907104 ]
id = 2
ior = 1.0
material = 'metal'
radius = 0.5
roughness = 0.05000000074505806
type = 'sphere'

[[primitives]]
center = [ 1.2000000476837158, 0.5, -0.20000000298023224 ]
color = [ 1.0, 1.0, 1.0 ]
id = 3
ior = 1.5
material = 'dielectric'
radius = 0.5
roughness = 0.0
type = 'sphere'

[[primitives]]
color = [ 0.55000001192092896, 0.55000001192092896, 0.55000001192092896 ]
d = 0.0
id = 4
ior = 1.0
material = 'lambert'
normal = [ 0.0, 1.0, 0.0 ]
roughness = 0.0
type = 'plane'

[[primitives]]
center = [ 3.0, 1.0, 0.0 ]
color = [ 1.0, 1.0, 1.0 ]
id = 5
ior = 0.94999998807907104
material = 'dielectric'
radius = 0.5
roughness = 1.0
type = 'sphere'